Matrix:
41 67 34 0 69 24 78 58 62 64 5 45 81 27 61 91 95 42 27 36 91 4 2 53 92 82 21 16 18 95 47 26 71 38 69 12 67 99 35 94 3 11 22 33 73 64 41 11 53 68 
47 44 62 57 37 59 23 41 29 78 16 35 90 42 88 6 40 42 64 48 46 5 90 29 70 50 6 1 93 48 29 23 84 54 56 40 66 76 31 8 44 39 26 23 37 38 18 82 29 41 
33 15 39 58 4 30 77 6 73 86 21 45 24 72 70 29 77 73 97 12 86 90 61 36 55 67 55 74 31 52 50 50 41 24 66 30 7 91 7 37 57 87 53 83 45 9 9 58 21 88 
22 46 6 30 13 68 0 91 62 55 10 59 24 37 48 83 95 41 2 50 91 36 74 20 96 21 48 99 68 84 81 34 53 99 18 38 0 88 27 67 28 93 48 83 7 21 10 17 13 14 
9 16 35 51 0 49 19 56 98 3 24 8 44 9 89 2 95 85 93 43 23 87 14 3 48 0 58 18 80 96 98 81 89 98 9 57 72 22 38 92 38 79 90 57 58 91 15 88 56 11 
2 34 72 55 28 46 24 41 45 62 23 31 6 68 18 2 7 7 81 12 36 30 14 9 84 56 90 93 96 52 54 45 8 48 91 12 31 14 39 58 22 4 95 52 69 79 38 23 18 66 
59 98 86 96 62 33 58 22 46 92 37 25 47 58 2 7 98 30 92 0 78 99 52 48 82 40 15 75 62 67 36 97 18 97 28 51 16 30 49 25 58 29 20 40 60 47 62 55 75 92 
61 54 98 46 14 46 88 69 38 63 75 15 21 75 15 28 34 70 5 64 57 62 61 24 49 69 30 23 50 33 25 10 37 36 37 78 93 36 14 64 91 49 35 5 37 4 37 23 64 70 
8 68 81 85 52 73 52 94 76 26 96 72 49 40 74 19 43 11 41 89 19 65 5 85 16 50 15 9 64 66 93 74 9 0 95 73 89 61 72 68 58 31 68 26 10 22 74 79 10 52 
82 91 95 64 74 64 2 55 60 74 72 21 22 47 77 89 5 95 94 50 43 54 81 12 72 39 28 12 62 67 8 15 8 23 59 34 4 86 19 58 45 6 66 0 67 92 87 32 56 74 
47 21 83 22 31 76 83 48 23 82 18 76 82 19 41 32 84 79 79 83 67 36 25 18 37 28 19 77 37 91 56 95 60 1 93 32 36 80 75 7 84 74 19 90 76 41 51 29 90 74 
72 91 89 87 90 39 93 53 63 81 3 5 76 79 95 39 68 98 83 39 15 21 93 26 22 38 28 81 99 78 91 23 43 34 43 49 2 7 2 41 87 46 91 37 13 0 16 90 62 35 
26 10 77 82 60 89 5 74 63 22 95 66 60 38 88 11 45 67 25 67 89 42 63 47 2 17 99 23 26 3 48 51 70 36 58 67 56 5 31 62 19 75 56 31 95 44 91 3 88 15 
50 19 72 91 83 33 75 42 69 0 54 78 85 57 33 93 90 3 50 33 22 71 11 90 38 41 58 47 52 58 79 2 83 90 2 68 22 95 35 8 61 42 94 99 88 78 42 57 41 47 
69 45 80 13 64 10 61 85 73 4 62 3 2 69 54 29 52 74 49 30 44 44 49 18 65 63 52 73 70 31 47 11 69 98 98 3 52 79 53 43 22 88 63 34 50 22 40 11 92 51 
80 77 16 76 78 20 15 48 98 79 35 57 83 62 2 62 20 70 22 73 41 86 88 17 17 92 98 67 49 65 89 32 19 81 3 30 28 31 89 52 30 72 64 7 95 28 81 90 10 77 
71 36 59 43 40 33 37 93 30 74 93 82 3 61 90 62 7 97 51 23 90 17 40 3 66 83 61 59 45 86 51 65 1 40 9 97 83 50 58 21 75 81 87 71 87 99 4 79 38 0 
30 61 18 5 40 28 59 22 98 60 98 35 81 14 67 93 96 61 46 38 70 38 76 55 17 71 60 52 58 33 55 65 26 1 34 59 93 48 73 92 93 33 37 3 90 11 94 68 27 98 
89 48 79 47 49 31 69 75 98 49 36 99 23 43 31 54 61 34 85 67 16 93 4 66 53 8 23 84 92 67 48 69 30 11 14 90 27 43 4 99 74 95 6 58 89 58 9 89 47 40 
18 64 75 26 89 3 66 12 40 70 76 95 41 86 17651 1109 8187 83 1085 3390 11250 18686 4755 11381 8128 5502 4277 10862 6424 3565 3872 832 10885 14428 6646 889 6478 10883 4925 1265 11260 5045 778 5821 13855 2520 12927 4773 5134 7251 
2675 13336 16334 1001 2737 9310 5974 7590 356 1071 12080 10935 12145 17282 17160376 16179495 17751410 16437458 16303900 13892058 17984630 16809195 19150967 17466573 24 41 45 62 23 31 6 68 18 2 7 7 81 12 36 30 14 9 84 56 90 93 96 52 54 45 
8 48 91 12 31 14 39 58 22 4 95 52 69 79 38 23 18 66 59 98 86 96 62 33 58 22 46 92 37 25 47 58 2 7 98 30 92 0 78 99 52 48 82 40 15 75 62 67 36 97 
18 97 28 51 16 30 49 25 58 29 20 40 60 47 62 55 75 92 61 54 98 46 14 46 88 69 38 63 75 15 21 75 15 28 34 70 5 64 57 62 61 24 49 69 30 23 50 33 25 10 
37 36 37 78 93 36 14 64 91 49 35 5 37 4 37 23 64 70 8 68 81 85 52 73 52 94 76 26 96 72 49 40 74 19 43 11 41 89 19 65 5 85 16 50 15 9 64 66 93 74 
9 0 95 73 89 61 72 68 58 31 68 26 10 22 74 79 10 52 82 91 95 64 74 64 2 55 60 74 72 21 22 47 77 89 5 95 94 50 43 54 81 12 72 39 28 12 62 67 8 15 
8 23 59 34 4 86 19 58 45 6 66 0 67 92 87 32 56 74 47 21 83 22 31 76 83 48 23 82 18 76 82 19 41 32 84 79 79 83 67 36 25 18 37 28 19 77 37 91 56 95 
60 1 93 32 36 80 75 7 84 74 19 90 76 41 51 29 90 74 72 91 89 87 90 39 93 53 63 81 3 5 76 79 95 39 68 98 83 39 15 21 93 26 22 38 28 81 99 78 91 23 
43 34 43 49 2 7 2 41 87 46 91 37 13 0 16 90 62 35 26 10 77 82 60 89 5 74 63 22 95 66 60 38 88 11 45 67 25 67 89 42 63 47 2 17 99 23 26 3 48 51 
70 36 58 67 56 5 31 62 19 75 56 31 95 44 91 3 88 15 50 19 72 91 83 33 75 42 69 0 54 78 85 57 33 93 90 3 50 33 22 71 11 90 38 41 58 47 52 58 79 2 
83 90 2 68 22 95 35 8 61 42 94 99 88 78 42 57 41 47 69 45 80 13 64 10 61 85 73 4 62 3 2 69 54 29 52 74 49 30 44 44 49 18 65 63 52 73 70 31 47 11 
69 98 98 3 52 79 53 43 22 88 63 34 50 22 40 11 92 51 80 77 16 76 78 20 15 48 98 79 35 57 83 62 2 62 20 70 22 73 41 86 88 17 17 92 98 67 49 65 89 32 
19 81 3 30 28 31 89 52 30 72 64 7 95 28 81 90 10 77 71 36 59 43 40 33 37 93 30 74 93 82 3 61 90 62 7 97 51 23 90 17 40 3 66 83 61 59 45 86 51 65 
1 40 9 97 83 50 58 21 75 81 87 71 87 99 4 79 38 0 30 61 18 5 40 28 59 22 98 60 98 35 81 14 67 93 96 61 46 38 70 38 76 55 17 71 60 52 58 33 55 65 
26 1 34 59 93 48 73 92 93 33 37 3 90 11 94 68 27 98 89 48 79 47 49 31 69 75 98 49 36 99 23 43 31 54 61 34 85 67 16 93 4 66 53 8 23 84 92 67 48 69 
30 11 14 90 27 43 4 99 74 95 6 58 89 58 9 89 47 40 18 64 75 26 89 3 66 12 40 70 76 95 41 86 17651 1109 8187 83 1085 3390 11250 18686 4755 11381 8128 5502 4277 10862 6424 3565 3872 832 
10885 14428 6646 889 6478 10883 4925 1265 11260 5045 778 5821 13855 2520 12927 4773 5134 7251 2675 13336 16334 1001 2737 9310 5974 7590 356 1071 12080 10935 12145 17282 17160376 16179495 17751410 16437458 16303900 13892058 17984630 16809195 19150967 17466573 20851835 18622204 17489109 19629760 18908047 19508358 18815297 18559067 
18748619 1717212493 -330361207 18560174 14684869 18375449 18301029 19156372 21358042 16274307 18126850 16575952 19948952 18434837 19129819 19332529 938035210 -1661066432 -32394662 18187737 20481267 18092615 16862173 20410367 17232531 18875364 19756923 19075236 18864816 17067329 20195127 19167906 71 8 59 56 2 32 5 40 75 62 85 62 80 36 97 2 8 80 
40 76 58 93 40 46 74 73 97 80 35 72 0 7 55 66 41 88 81 68 15 96 25 9 12 36 55 62 43 42 21 22 12 48 18 68 17 14 50 90 35 59 69 95 3 40 79 99 5 91 
61 81 52 53 33 29 87 42 53 83 20 14 18 44 63 29 52 64 69 70 5 47 94 87 26 76 23 40 79 90 88 10 71 45 21 70 83 89 55 78 79 6 62 35 87 96 33 88 35 79 
93 90 62 65 1 5 7 67 69 34 71 57 98 45 97 18 38 44 72 63 28 64 1 23 90 4 1 27 97 92 71 63 1 63 21 65 21 45 10 95 41 22 12 51 15 55 93 38 79 82 
8 54 22 7 45 38 44 90 39 54 4 23 25 78 24 81 30 33 23 94 30 46 87 45 5 16 50 89 38 63 35 97 9 30 24 8 37 74 20 72 93 55 34 61 56 6 84 75 82 19 
41 32 84 79 79 83 67 36 25 18 37 28 19 77 37 91 56 95 60 1 93 32 36 80 75 7 84 74 19 90 76 41 51 29 90 74 72 91 89 87 90 39 93 53 63 81 3 5 76 79 
95 39 68 98 83 39 15 21 93 26 22 38 28 81 99 78 91 23 43 34 43 49 2 7 2 41 87 46 91 37 13 0 16 90 62 35 26 10 77 82 60 89 5 74 63 22 95 66 60 38 
88 11 45 67 25 67 89 42 63 47 2 17 99 23 26 3 48 51 70 36 58 67 56 5 31 62 19 75 56 31 95 44 91 3 88 15 50 19 72 91 83 33 75 42 69 0 54 78 85 57 
33 93 90 3 50 33 22 71 11 90 38 41 58 47 52 58 79 2 83 90 2 68 22 95 35 8 61 42 94 99 88 78 42 57 41 47 69 45 80 13 64 10 61 85 73 4 62 3 2 69 
54 29 52 74 49 30 44 44 49 18 65 63 52 73 70 31 47 11 69 98 98 3 52 79 53 43 22 88 63 34 50 22 40 11 92 51 80 77 16 76 78 20 15 48 98 79 35 57 83 62 
2 62 20 70 22 73 41 86 88 17 17 92 98 67 49 65 89 32 19 81 3 30 28 31 89 52 30 72 64 7 95 28 81 90 10 77 71 36 59 43 40 33 37 93 30 74 93 82 3 61 
90 62 7 97 51 23 90 17 40 3 66 83 61 59 45 86 51 65 1 40 9 97 83 50 58 21 75 81 87 71 87 99 4 79 38 0 30 61 18 5 40 28 59 22 98 60 98 35 81 14 
67 93 96 61 46 38 70 38 76 55 17 71 60 52 58 33 55 65 26 1 34 59 93 48 73 92 93 33 37 3 90 11 94 68 27 98 89 48 79 47 49 31 69 75 98 49 36 99 23 43 
31 54 61 34 85 67 16 93 4 66 53 8 23 84 92 67 48 69 30 11 14 90 27 43 4 99 74 95 6 58 89 58 9 89 47 40 18 64 75 26 89 3 66 12 40 70 76 95 41 86 
Vector:
17651 1109 8187 83 1085 3390 11250 18686 4755 11381 8128 5502 4277 10862 6424 3565 3872 832 10885 14428 6646 889 6478 10883 4925 1265 11260 5045 778 5821 13855 2520 12927 4773 5134 7251 2675 13336 16334 1001 2737 9310 5974 7590 356 1071 12080 10935 12145 17282 
Result:
17160376 16179495 17751410 16437458 16303900 13892058 17984630 16809195 19150967 17466573 20851835 18622204 17489109 19629760 18908047 19508358 18815297 18559067 18748619 1717212493 -330361207 18560174 14684869 18375449 18301029 19156372 21358042 16274307 18126850 16575952 19948952 18434837 19129819 19332529 938035210 -1661066432 -32394662 18187737 20481267 18092615 16862173 20410367 17232531 18875364 19756923 19075236 18864816 17067329 20195127 19167906 
